time,x,y,z,phi,theta,psi,x_velocity,y_velocity,z_velocity,phi_velocity,theta_velocity,psi_velocity,rotor_speed1,rotor_speed2,rotor_speed3,rotor_speed4
0.06,7.122593040526056e-08,-8.273066716265386e-08,10.00150771677377,6.283002541080382,6.283050944959875,0.0,8.329918998978783e-06,-1.0623049830588667e-05,0.050255834641803956,-0.00996644651359364,-0.00714370437905168,0.0,422.1903987552611,421.57374639379174,420.1909691230904,419.32629604941656
0.12000000000000001,4.986959629454135e-06,-6.6897111336816075e-06,10.00919685867135,6.282858036856194,6.282928406314806,0.0,0.00018418201892949395,-0.00024704959303190684,0.2060328395484071,0.009538165982803343,0.006589430819345125,0.0,453.9836308958146,455.0840581430976,453.20512305935944,454.7698822933249
0.18,1.91785053588505e-05,-2.589294246357484e-05,10.023355118515635,0.00010167474659183995,0.0005371980956470068,0.0,0.0002293068827380191,-0.00034449326791130135,0.2658966177083195,0.0018823551733556715,0.023999823510839215,0.0,422.92486870733427,424.42144243560807,424.7130071820864,424.0558869192474
0.23999999999999996,1.698621130672668e-05,-4.339020797823647e-05,10.041251088069924,0.0008367839738445682,0.002184525935720494,0.0,-0.00045251732097823877,-0.0001924132798862517,0.3306185013382394,0.027515297602434503,0.03359804783802549,0.0,423.9846639180638,424.8085811833046,425.79761762840275,427.9844537179855
0.3,-7.544641434587244e-05,-2.6177054592367645e-05,10.06868547718,0.0021999180623888392,0.004666338476384979,0.0,-0.002912874732487695,0.0009568888452837442,0.5837649005189909,0.010798408822928008,0.05356779964867621,0.0,482.03448437538293,483.54169852867676,484.25231696944627,482.99338971240826
0.36000000000000004,-0.0003650695714218285,8.24671710605564e-05,10.10785800108607,0.0033479774517948258,0.008010859006696514,0.0,-0.007094196342987399,0.0027651171922568533,0.7219060141020361,0.03204381691171032,0.05976836861421462,0.0,448.7099749398469,449.2150492929494,448.6101892111028,450.33170650839753
0.4200000000000001,-0.0009773222508847885,0.00032854048933474535,10.155027413800433,0.005672219149039925,0.0115613359185609,0.0,-0.013692493624236303,0.005665236377198811,0.8503161016122893,0.04956369865487695,0.057960392892146766,0.0,447.5079630996408,447.363221846826,444.6179228724651,446.0514982932677
0.48000000000000015,-0.0021099006264718354,0.0008270288279635133,10.213847767736723,0.008776489962859735,0.015260084440235744,0.0,-0.024509475518565874,0.011331944578831965,1.1101382207487371,0.05576425723091607,0.06814859776126798,0.0,485.2404293634543,486.0069001335423,485.6386268398652,486.104903626312
0.5400000000000001,-0.00388613362717872,0.0016862021199056292,10.281881938223185,0.01201601709373179,0.01926967606715113,0.0,-0.035079245121660114,0.017617156345302865,1.1576106588444202,0.05019039863543899,0.06404332895900247,0.0,421.16426931229637,420.812694775857,421.65453873822133,421.1748943848591
0.6000000000000002,-0.006406435393225242,0.003005163468662953,10.354462789544002,0.015525755854550738,0.023313876830901137,0.0,-0.04933401058756517,0.02668507278071219,1.2616284421825086,0.07136415737603287,0.07339191893644137,0.0,440.1741536821577,440.9504595049263,437.73230901634145,439.49293785129476
0.6600000000000003,-0.009911442116930678,0.004974627574384363,10.435077597890427,0.01972728828429826,0.02777777224347222,0.0,-0.06798918089292944,0.03943317625763548,1.4253208200160048,0.06720566636358045,0.07633751170940649,0.0,457.95101108969277,458.1893728250764,458.7762245125201,458.4495260594616
0.7200000000000003,-0.014538712378964178,0.007732634484492938,10.522046542884958,0.024387697087807858,0.032910211565491565,0.0,-0.08671394686280288,0.05291406628161326,1.4735591270568618,0.09303805945293639,0.09947540285089614,0.0,421.2105233668155,423.2128271068788,421.362969933365,423.5949946759255
0.7800000000000004,-0.0204933225542107,0.011469458950197338,10.614888640247427,0.030317467162191747,0.038659896493218326,0.0,-0.11240667561398447,0.0722706188520239,1.620938746287229,0.10843007744360755,0.08730532747999056,0.0,454.5800699708094,453.6114453469916,453.3421246829377,454.5851609744986
0.8400000000000004,-0.028092331654580496,0.01648493126438759,10.716029476897441,0.03679823454386799,0.043652140919443916,0.0,-0.14143216366002867,0.09559529966202998,1.7501854285355902,0.10716562421331248,0.07339508501984451,0.0,448.3002012858995,447.17410826972707,450.2240735561585,450.1318671440296
0.9000000000000005,-0.03765333513646131,0.023137447535494248,10.827505184235081,0.043265211480631116,0.048570299625863456,0.0,-0.17781267319502472,0.12690828004814153,1.9652662108315002,0.10898884756304947,0.09516083666560378,0.0,474.17140864349386,475.8452462375784,475.60528223688965,475.7542683704912
0.9600000000000005,-0.049401800145565423,0.03171763877672623,10.94946251808994,0.0498623374756102,0.05474190653445987,0.0,-0.21443150990908427,0.15978885859235142,2.0996691517414625,0.1118105850739138,0.11497593285975742,0.0,450.80072702414367,452.40776235449687,452.16942649011787,452.4071206259035
1.0200000000000005,-0.06356604724221221,0.04248737715192609,11.080901732444339,0.056112545196900676,0.06138720206508097,0.0,-0.25846614743158214,0.19992952023907554,2.2811994081162967,0.08098988265687498,0.10059892457518957,0.0,467.1157285090248,466.00341481221756,468.50495619682385,466.111047980724
1.0800000000000005,-0.08030548226868776,0.055603862763245436,11.219751130152723,0.06046337232069643,0.06736051914958097,0.0,-0.3000900426957399,0.23773262973006778,2.3469055099692673,0.044444810362964694,0.09738355847196814,0.0,432.43773037565774,432.1756445151507,432.92470557796673,429.8427232700031
1.1400000000000006,-0.09980531209699431,0.07119444336237711,11.364652099744335,0.06297163914583592,0.07341745995297,0.0,-0.35052551410829813,0.2822092648377665,2.482763929393939,0.03591964022083946,0.1072615137558109,0.0,454.45608874848676,455.25564125077904,454.34467150970835,453.6615706456997
1.2000000000000006,-0.12260732993453667,0.0896262324309007,11.519583157872885,0.06574243273493163,0.079830516841497,0.0,-0.4102587937998853,0.33244206341394594,2.6810636687655447,0.06131919608027131,0.10611960289148127,0.0,474.1687938918176,474.0903041478342,472.93986746224033,474.89314029497666
1.2600000000000007,-0.1491431029515835,0.11114039835765767,11.686370726258813,0.0694447481450684,0.08601419742153649,0.0,-0.47496091763892373,0.38508667158891363,2.8779308630435287,0.062466071539255014,0.09611642590641951,0.0,474.587621353102,473.82768719928737,475.19638915479345,475.28675478187864
1.3200000000000007,-0.1792444168659505,0.13553013180575474,11.859688596986322,0.07354951620538053,0.09160823236294124,0.0,-0.5289276013924018,0.42824990243888333,2.8991815107257133,0.07823000568518344,0.08674103826828508,0.0,421.05770359170776,420.2536747831719,420.61318000200373,421.9799466718903
1.3800000000000008,-0.21293195090031802,0.1627824667246793,12.03689728303491,0.07798017027359005,0.09797380797505628,0.0,-0.5945793199708641,0.48060354269778666,3.0073681226286504,0.0631943803819219,0.1295219473108922,0.0,446.7214131050391,450.2052175944529,450.8852264778447,449.6729699891534
1.4400000000000008,-0.2507998211646416,0.19334125893005408,12.221552085084191,0.0823396833460519,0.10658329957031487,0.0,-0.6685408483828441,0.5384237569358636,3.1472462219627406,0.08689670732470539,0.16239821900710982,0.0,458.9381926907427,461.55793475053974,458.93256007202535,460.8137886775343
1.5000000000000009,-0.29341609672261915,0.22755465257067325,12.415619706074176,0.08745011669981917,0.11611898998732073,0.0,-0.7530390122552189,0.6025459467321237,3.3209571431890805,0.08148674341605781,0.15089560117803275,0.0,471.95893825885935,471.09259093921577,471.6171811926682,471.20463218355167
1.560000000000001,-0.3405886928293419,0.2651834810670309,12.613923848029108,0.09271679378771935,0.12540986986219682,0.0,-0.8201517447397825,0.6521601524336945,3.2890940040590735,0.09806299149803435,0.16175984118212128,0.0,406.12991808115004,407.1282202009779,406.61380621591667,408.1032140543157
1.620000000000001,-0.39260546035762484,0.3063598827449142,12.815416336467777,0.09894045194793843,0.1347403338191384,0.0,-0.9147180701277063,0.720976558169669,3.4266457175659757,0.11315145517038895,0.1385241816238666,0.0,463.210703258318,461.4012603688184,461.73446170461324,462.93210913099716
1.680000000000001,-0.4508479529480367,0.3520566698597743,13.02767115661716,0.10559630557838773,0.14334097639890597,0.0,-1.0276191450617616,0.8029571442369597,3.647509566647289,0.10607688299255828,0.15155790636256689,0.0,488.11622978618504,489.1049697119813,488.7073148167149,488.1893575926888
1.740000000000001,-0.5153916442602557,0.4023262982233934,13.248445781392087,0.11247197102549933,0.15268498286126508,0.0,-1.1246988261073234,0.8732868757891866,3.7111383327342686,0.12771465588362704,0.16298626094635318,0.0,441.9604333062973,442.9243617268418,442.0581275646772,443.8491546733003
1.8000000000000012,-0.5858273566570759,0.4568614628031698,13.47222261394326,0.11988417563690668,0.16253399276341884,0.0,-1.2240477910796714,0.9452011124932845,3.7476335620840886,0.11350869308157226,0.16637894899442168,0.0,434.3278008082231,434.6386268957634,436.2062910971985,435.0323429239151
1.8600000000000012,-0.6617591578801804,0.5153659952506995,13.694230009887322,0.12644282660701478,0.17259224757407488,0.0,-1.3077996836412917,1.0054415480311762,3.652640766223441,0.09922288542869265,0.1700397239003104,0.0,390.82642549077434,391.19857982333644,390.98887750323007,389.6677676251064
1.9200000000000013,-0.7444547078235683,0.5787182173299523,13.919420919992161,0.1322192404436766,0.1823885338460416,0.0,-1.4497699407786164,1.106839154855193,3.852592885028386,0.08960965636583765,0.14418922633183584,0.0,488.81347024806064,486.9054978437407,486.1434873778589,485.42960721651184
1.9800000000000013,-0.8344956405903328,0.6472791152096242,14.14907609552608,0.13761138792446292,0.19104163669940188,0.0,-1.5523185059749565,1.1789271794242586,3.802428810782466,0.09038271337261317,0.14427655663837957,0.0,409.01293806969034,409.0421155397764,409.22561259661336,409.3019374307521
2.0400000000000014,-0.9315586188372379,0.7207585142694611,14.37935813358454,0.14299090326866715,0.19942778341160317,0.0,-1.683897540836877,1.2708157121084653,3.872981601006571,0.08817060307724141,0.1287596260211137,0.0,451.1461642433137,449.90914908560427,449.4239828707379,449.2512532199065
2.1000000000000014,-1.0367534216300835,0.79989594955237,14.614148932534988,0.14829507718714297,0.20799999615780074,0.0,-1.8233496126906283,1.3675106016779146,3.9526552099842056,0.08886317262187751,0.16190871540920673,0.0,452.53855275147833,455.2170286940598,454.6111049407695,454.67290568846147
2.1600000000000015,-1.151519608985601,0.8856435668445548,14.85839806378327,0.15352695376530523,0.21748207900780336,0.0,-2.0031603058972838,1.4911580010374839,4.187500938193595,0.0836427248680295,0.14888443253606526,0.0,502.94565606122507,502.0218089483069,503.13622945647535,502.7634205511949
2.2200000000000015,-1.2767717034389705,0.9785527388160431,15.114260163062424,0.15794636123551165,0.2261221434249432,0.0,-2.1727266873408992,1.6061750392770182,4.340061679526836,0.020926822022414394,0.13182158549552328,0.0,483.31064194591124,482.0401736934645,482.5405159851771,477.7850133255436
2.2800000000000016,-1.411634719431657,1.0779141930201634,15.375974735187771,0.15904881586021613,0.2336011925953203,0.0,-2.323384896965611,1.7058567103073021,4.383144776598068,0.012706322332962337,0.10377097748635002,0.0,451.287204849552,449.030483425775,449.32741741962536,448.6603399683649
2.3400000000000016,-1.5561835989426465,1.1835951886865674,15.642301691833966,0.16007102147535157,0.23978212730555715,0.0,-2.495433900110074,1.8167567078014635,4.4935109146491,0.024531870502925067,0.10146160135792487,0.0,473.0986135275627,472.9292634654254,470.79866733780165,471.7127719413138
2.4000000000000017,-1.7111225401230914,1.295893653886047,15.914913733835494,0.16217860071668433,0.24616690182135326,0.0,-2.669717906278393,1.926532077992443,4.592638138838635,0.05063405610725571,0.11482075348466574,0.0,470.76205976656195,471.80389802610523,468.8715542386138,470.8957694964783
2.4600000000000017,-1.8759534334340313,1.4143565422033844,16.19064418313111,0.1652671946347377,0.25331477129110436,0.0,-2.8252478271666694,2.0223814341793402,4.597840573129626,0.05310989847803468,0.1265900791873352,0.0,442.55632441800657,443.53688223913065,441.8588920135281,442.06470108334725
2.520000000000002,-2.0512007126302207,1.5392070609705555,16.470197247395884,0.1682236540038744,0.2623710370109107,0.0,-3.0170558892872603,2.139390197380023,4.719374022978118,0.04022188859385169,0.17776706243112567,0.0,478.915957492125,482.81106498523064,481.07418909766926,480.0984663562662
2.580000000000002,-2.237155486335562,1.6704883317265282,16.75326692488936,0.17028390442702168,0.2730359794351127,0.0,-3.1823340236205877,2.236696311893276,4.715624872012311,0.018718242750225322,0.17771302591538968,0.0,444.1861179677611,444.212179202186,443.66206337945624,441.8931250411531
2.640000000000002,-2.434168472442069,1.8081855732164385,17.039331968961957,0.17157887765539748,0.2839056395006869,0.0,-3.3856852753547244,2.3530673610998467,4.818603876417698,0.026771256616379063,0.18728392989462114,0.0,478.58257765272975,479.3396621744817,478.9869141445264,479.599020462818
2.700000000000002,-2.642293391089177,1.952095334775828,17.327032839511276,0.17350582265988113,0.295255811755208,0.0,-3.5527411617588753,2.443928355699794,4.770915345073343,0.04109353417868078,0.19269133397029303,0.0,431.5085597878098,432.00079728505455,433.49303781022275,434.6955291369745
2.760000000000002,-2.860753051189555,2.101530161269113,17.612156862069302,0.17595731160461447,0.30708316198707575,0.0,-3.7302031189264957,2.5372705248412766,4.732581857550044,0.04038330414135461,0.20475807887581363,0.0,436.97338405386796,438.0167997489326,437.2728874870167,437.2146087608565
2.820000000000002,-3.091974164501861,2.2576244800431478,17.900754050240785,0.17806696286229595,0.31924371463237744,0.0,-3.9781730811892193,2.6657428150239606,4.885476294902869,0.02185882823092833,0.19815572248637822,0.0,499.901413737837,499.4552854916623,500.77248519353407,499.4233144955897
2.880000000000002,-3.3372543382054896,2.420849104704978,18.19514480201744,0.17944959340619349,0.3308127515488346,0.0,-4.198767795256842,2.7749206692739126,4.926333300580207,0.025314130082894053,0.17915102897442534,0.0,469.20500173747354,467.76079486498554,469.28886352633276,469.55705773053444
2.940000000000002,-3.5958718333156487,2.5905525401489835,18.49151620337345,0.1807316343690557,0.3413385101881552,0.0,-4.422643368347906,2.881714583900324,4.951572316774187,0.011996609546599618,0.1667077199670916,0.0,467.1381332216724,466.1945188677134,466.9146966046435,465.8743143736224
3.000000000000002,-3.867560696229947,2.766364795155268,18.78773117812493,0.1811489653321008,0.3512451003072812,0.0,-4.634445670526775,2.978519715088827,4.921459119208634,-0.005752369673195792,0.16171055847046603,0.0,451.0875609140293,450.7093285217636,451.2703514015445,449.83494329672345
3.0600000000000023,-4.151741063648185,2.947759624175145,19.08097523397456,0.1808238539562934,0.3606961078291624,0.0,-4.83902750843556,3.0677578204439073,4.852775313387488,-0.004759022619665286,0.14744605135191735,0.0,440.297329395642,439.1389771413424,438.9441903323866,439.0267330849568
3.1200000000000023,-4.4488670563010535,3.1347093091349643,19.371317545891223,0.1810089602759506,0.3692162617690009,0.0,-5.065866282529504,3.1636547001789537,4.824459673840006,0.015390758458838054,0.12796956511378818,0.0,455.5676410535241,454.0253112446751,453.30329232545307,454.9199842889559
3.1800000000000024,-4.759371658262495,3.327201001388446,19.658864694240666,0.18210267585401496,0.37664532674380347,0.0,-5.284934453302272,3.2526135497657425,4.759813675250202,0.023372943889751183,0.11386597828635316,0.0,445.22821065955617,444.0863095891564,442.97506385266513,443.63108052429095
3.2400000000000024,-5.082614039854231,3.5247651090479972,19.94108328441743,0.1843112550036814,0.38354208134747925,0.0,-5.4904764236984605,3.332842428729972,4.647117965898584,0.05522432482984456,0.1170208662906931,0.0,428.707077164026,428.98744364830884,426.8725198880869,429.5832826939513
3.3000000000000025,-5.418343682759674,3.72715737534645,20.216510452412805,0.18779894545239717,0.3902824786479,0.0,-5.701175040216382,3.4136504776220584,4.533357723280627,0.06337935691236986,0.1007935197379855,0.0,429.91605683878606,428.5500898592426,428.6317844881583,429.3269224837433
3.3600000000000025,-5.767391695178291,3.934665001256904,20.48632410287721,0.1915820904319503,0.3961445264816188,0.0,-5.934305525672376,3.50334978298137,4.459728019996731,0.062390698544406466,0.09066583607204817,0.0,444.0327252872551,443.20904452026446,445.13116619525243,445.0531060286825
3.4200000000000026,-6.130903370721062,4.1477369583736055,20.752437648410627,0.19504028983138788,0.40136915009777674,0.0,-6.1832200805403215,3.599087481797926,4.409854081896414,0.045854358337661216,0.07871465171736687,0.0,454.55762107117835,453.60467980951137,454.9646007477959,453.6405017490469
3.4800000000000026,-6.509796903970597,4.366716480918501,21.016201965691657,0.1978827499433793,0.4060608123819236,0.0,-6.446959530023782,3.7001717444499116,4.381288754055743,0.05025216297550308,0.07713361306393737,0.0,464.2703749453164,464.15086275077385,462.34109963310624,462.6888028712342
3.5400000000000027,-6.903862563252064,4.591414945416827,21.276381690096112,0.2010929601737832,0.41093649818876177,0.0,-6.689087310694044,3.7897819656927765,4.290719640646888,0.059318843662603156,0.08844592769987392,0.0,443.72414064448,444.65738720732594,444.1510198739691,444.8960739209096
3.6000000000000028,-7.311465925580823,4.820988243924722,21.528525174083388,0.20490267653847383,0.4165266077332497,0.0,-6.898428156313384,3.8627566409364213,4.113899071080672,0.07075469827319537,0.10124268960507277,0.0,414.34411623629927,415.4758935196819,413.7095355574327,414.7187670086352
3.660000000000003,-7.733353666333278,5.055684219531764,21.77348784947892,0.20910284008918634,0.42268249263892965,0.0,-7.1650416786878415,3.9604591179560384,4.050483443339764,0.06845554039317275,0.10517768239515592,0.0,455.6818508868698,456.00522491609206,456.3392170224084,456.1591937105638
3.720000000000003,-8.170720414917037,5.295952326940016,22.013065058611033,0.21350973479034163,0.4300511439342438,0.0,-7.414539220877784,4.048507777408095,3.934634743290308,0.08191827507080805,0.1449016995676975,0.0,437.926742174583,441.23244430707484,440.0566148256402,441.17413163458514
3.780000000000003,-8.622712075361731,5.5412831779483405,22.24447615599559,0.21790297734656505,0.43874317354654035,0.0,-7.652681148639831,4.129240962484529,3.7783875030250753,0.043608973282884766,0.14479807507710196,0.0,426.53401478467686,426.54574089194216,430.0336305321322,426.77916293993513
3.840000000000003,-9.091883562914248,5.79270727073248,22.47201364579323,0.22029396752954788,0.44729471893422534,0.0,-7.986878932568281,4.251220214741206,3.804191311187688,0.031011120729526394,0.13754884145313429,0.0,493.4845651815976,492.96573638713016,491.5635841064674,490.62953591735896
3.900000000000003,-9.578621557958542,6.050199518124307,22.695454843245557,0.22204616856692816,0.455625677074055,0.0,-8.238576244305433,4.331675373223438,3.6431643567680414,0.025318386385741035,0.1413282999423259,0.0,431.90469163658435,432.241907273157,432.2114171776797,431.73148520304613
3.960000000000003,-10.081768350200928,6.312987588036986,22.91133746818835,0.2239240759967318,0.4638708442061681,0.0,-8.533695065458897,4.427618889037665,3.551643668100748,0.04116428956969823,0.12816845065506205,0.0,459.8114619787779,458.78414085172426,457.79389503612595,459.0537034624365
4.020000000000002,-10.601880190455002,6.581082815061543,23.119753255266158,0.22592776750287147,0.471703325003487,0.0,-8.80419190024541,4.508696800517739,3.3946971357969042,0.009509667097795568,0.13490424056274164,0.0,437.61365388690575,438.19002695872683,440.19013356678425,437.562331347578
4.080000000000001,-11.138545502466362,6.854059663421812,23.318868544647387,0.226334046071897,0.48062639808660723,0.0,-9.085520503542831,4.590174855041019,3.241516814820847,0.0006385851694382795,0.16747726612293082,0.0,439.50266693045177,442.2151233461684,443.3603389796015,442.63054393237945
4.14,-11.694315743940164,7.132723154160281,23.512390253544606,0.2260499617092826,0.4910816228116852,0.0,-9.440809996021054,4.697943912512659,3.2071212452138966,-0.018550516606692564,0.18517851009342165,0.0,486.4730837765107,487.823116957317,485.95375053562725,484.5128663110803
4.199999999999998,-12.269838555595648,7.417001040793532,23.700335510926955,0.22538413587536077,0.5019713173065234,0.0,-9.744213995047351,4.7774398990877,3.0563990133131322,0.0007161847584649392,0.17287965971155939,0.0,451.08794142016734,450.1245936280526,449.4090415623422,450.968623322333
4.259999999999997,-12.863633887435862,7.70589561239727,23.87875877401268,0.22491661078062553,0.5118900625524461,0.0,-10.049890988246247,4.8518983262328925,2.8897671998235674,-0.036109476974195434,0.14252910134240324,0.0,449.720929328957,447.2800622777222,448.7051218586812,445.70447532586047
4.319999999999996,-13.474322524254838,7.998505330095669,24.044107914958207,0.22249210679392828,0.5200713937878625,0.0,-10.30762656788629,4.901363503085468,2.6214953707232618,-0.050802603896006535,0.11967135845479382,0.0,413.6057134822544,411.6052922328685,411.42430848678026,410.11976461100573
4.379999999999995,-14.103053338090625,8.294891422883401,24.197236850065295,0.21907923995877532,0.5278277020407636,0.0,-10.65092451771897,4.97743515281172,2.481406104993987,-0.07321942825501765,0.14366040805849425,0.0,461.40727117606764,463.31210231465303,461.6885684582421,459.91363362277133
4.439999999999993,-14.749843144223151,8.594678339960884,24.33713353772352,0.2141968937038028,0.5365237761446409,0.0,-10.910143283851895,5.014986420094523,2.181516991446376,-0.10739814425672368,0.1473655158378656,0.0,403.9300672317285,404.28610803580966,404.48893030579853,401.3910207953429
4.499999999999992,-15.41364942254255,8.89702955033867,24.460891707264548,0.20750824908786658,0.5459148443501043,0.0,-11.218010926365281,5.062628297826352,1.9428563915442174,-0.12121949837853756,0.17038626543543783,0.0,428.57517306117916,430.551736433422,429.3762321629933,428.18996437847153
4.559999999999991,-16.09548601385655,9.201844878916186,24.569005714274184,0.20043785492443433,0.5559265720883859,0.0,-11.511317022846534,5.0971822238286135,1.6601885830600984,-0.11182259744301169,0.158683444834171,0.0,414.54916913499824,413.5479051788582,413.9699718552455,414.7827236606573
4.6199999999999894,-16.797860461986755,9.509433574973501,24.664158785062323,0.19401443650261996,0.5655139866518075,0.0,-11.902189419157015,5.154748370827527,1.5096368968520102,-0.09892036870136282,0.16191400706279102,0.0,466.5527949853523,466.82794041704034,467.0658843057461,468.0618623590789
4.679999999999988,-17.5223414240353,9.819805400737161,24.747482009588573,0.1884519868648944,0.5751004380835711,0.0,-12.248492146456025,5.190221147054797,1.2664038664428279,-0.08252885443462125,0.15511541940341553,0.0,437.21431456040926,436.67200336816654,436.9231747843558,438.280594406525
4.739999999999987,-18.26900555521796,10.132482352601105,24.817637595536414,0.18392133534612132,0.5838837172255644,0.0,-12.64144916403814,5.231520791667851,1.0701640383329902,-0.06426250039646449,0.1166034878538104,0.0,460.9222583898926,457.8857571894878,457.82114328099,459.26829734831114
4.799999999999986,-19.038929156402123,10.447327084224876,24.87481344236952,0.18044015324762608,0.5903229022118621,0.0,-13.023970670543289,5.262647905403803,0.8340831323042315,-0.04779785597380501,0.07275006113375264,0.0,450.84799880678054,447.29852146773646,447.6805938123797,449.0163956410078
4.859999999999984,-19.832051381244476,10.763907685230707,24.917474924403155,0.17790643036865017,0.5948280455167305,0.0,-13.41484005749353,5.289478203240066,0.586489406800477,-0.03293431496593012,0.07938738781938454,0.0,447.6899253905966,448.23421329282235,448.0095018103689,449.2158546197467
4.919999999999983,-20.650835944581992,11.08248743508034,24.947761622463883,0.17560371555970278,0.5990947131396496,0.0,-13.87902310821148,5.329141768871198,0.4207142065471595,-0.052431761120144686,0.04432647800803638,0.0,484.2699377320437,481.62765751365606,483.0513032916154,481.5775761468718
4.979999999999982,-21.497829465538825,11.403336517451281,24.967832607999636,0.1723154201803503,0.601957453220705,0.0,-14.355283503397558,5.365085057818749,0.24608311933025512,-0.06003044309355473,0.053743087522556014,0.0,484.18166231949954,484.89099854838906,485.5956148133875,485.0233175168195
5.0399999999999805,-22.370976330139026,11.725526582201871,24.973135942921353,0.1695215922397768,0.6051097758814006,0.0,-14.75157092355616,5.374087169111782,-0.07062574191466882,-0.028122295383595813,0.05001506990689868,0.0,437.49965280330116,437.1908537134788,435.672526633252,438.33173158526415
